a0: -0.008176270466871893
frac_D0_down: 0.1787621350734225
frac_D0_up: 0.18669465123368142
frac_D0bar_down: 0.1824090806427856
frac_D0bar_up: 0.18113699681395656
Nsig_D0_down: 47514016.33271102
Nbkg_D0_down: 1782104.2393249448
Nsig_D0_up: 47987125.08649758
Nbkg_D0_up: 1649771.8963601924
Nsig_D0bar_down: 48546585.71411932
Nbkg_D0bar_down: 1762406.3923990054
Nsig_D0bar_up: 49438587.1940403
Nbkg_D0bar_up: 1682197.3431867468
sigmaL: 8.286499679425622
sigmaR: 6.0024521616294555
sigmaL2: 5.788440369712969
sigmaR2: 9.035824200301578
frac_D0_down_2: 0.4088832401177589
frac_D0_up_2: 0.3081393997286915
frac_D0bar_down_2: 0.3846488104057853
frac_D0bar_up_2: 0.295460127970681
Jmu: 1867.477069092045
Jlam: 17.799661040061423
Jgam: 0.36292993431745296
Jdel: 1.6356172307419552
mean: 1865.4140668541029
sigma: 6.970909381218587
frac_D0_down_3: 0.29728327358583856
frac_D0_up_3: 0.3026808750793305
frac_D0bar_down_3: 0.27990743555886166
frac_D0bar_up_3: 0.3044395119056374
Nsig_D0_down_error: 7943.042172644287
Nsig_D0_up_error: 7916.0272538252175
Nsig_D0bar_down_error: 7981.567104063928
Nsig_D0bar_up_error: 8006.289451804012
