a0: -0.00879999752664769
frac_D0_down: 0.10311009624302295
frac_D0_down_2: 3.193075642712981e-06
frac_D0_down_3: 0.41463739909877034
frac_D0_up: 0.09920713276328694
frac_D0_up_2: 0.05231932815751013
frac_D0_up_3: 0.40393913579257185
frac_D0bar_down: 0.10354673570493965
frac_D0bar_down_2: 1.3445499000180617e-05
frac_D0bar_down_3: 0.4098642843421219
frac_D0bar_up: 0.09351806435540866
frac_D0bar_up_2: 0.06043586083609646
frac_D0bar_up_3: 0.40346249443453214
Nsig_D0_down: 47774586.73498148
Nbkg_D0_down: 1517283.5918114667
Nsig_D0_up: 48188748.298458666
Nbkg_D0_up: 1454202.8592227967
Nsig_D0bar_down: 48807403.96960868
Nbkg_D0bar_down: 1501452.3430528627
Nsig_D0bar_up: 49614798.11198465
Nbkg_D0bar_up: 1512156.6080178644
sigmaL: 4.306843843114229
sigmaR: 8.552106311264632
sigma2: 6.329893819321303
Jmu: 1866.499904062711
Jlam: 19.996641742535317
Jgam: 0.3119881146785252
Jdel: 1.4056930603692135
mean: 1865.3319212316683
sigma: 9.081615116935668
Nsig_D0_down_error: 5714.768212098628
Nsig_D0_up_error: 5735.551404304802
Nsig_D0bar_down_error: 5773.448017138988
Nsig_D0bar_up_error: 5816.041006524116
